 Effective number of bins, and bins:          278         283

OBS :    1      -21.082547      0.005024

OBS :    2        1.000000      0.000000
