 Effective number of bins, and bins:          139         144

OBS :    1      -87.615392      0.014003

OBS :    2        1.000000      0.000000
