 Effective number of bins, and bins:          139         144

OBS :    1       64.000000      0.000000

OBS :    2        1.000000      0.000000
