 Effective number of bins, and bins:            9          10

OBS :    1      -13.867029      0.013368

OBS :    2        1.000000      0.000000
