 Effective number of bins, and bins:            9          10

OBS :    1      -21.090595      0.009238

OBS :    2        1.000000      0.000000
