 Effective number of bins, and bins:          565         570

OBS :    1      -21.108752      0.001799

OBS :    2        1.000000      0.000000
