 Effective number of bins, and bins:            4           4

OBS :    1      -21.106063      0.026175

OBS :    2        1.000000      0.000000
