 Effective number of bins, and bins:          854         859

OBS :    1      -20.369884      0.002616

OBS :    2        1.000000      0.000000
