 Effective number of bins, and bins:           18          20

OBS :    1      -13.854506      0.050046

OBS :    2        1.000000      0.000000
