 Effective number of bins, and bins:           19          20

OBS :    1      -13.866130      0.048751

OBS :    2        1.000000      0.000000
