 Effective number of bins, and bins:           18          20

OBS :    1      -21.102335      0.005824

OBS :    2        1.000000      0.000000
