 Effective number of bins, and bins:           19          20

OBS :    1      -21.104397      0.005894

OBS :    2        1.000000      0.000000
