 Effective number of bins, and bins:           19          20

OBS :    1        7.238267      0.050028

OBS :    2        1.000000      0.000000
