 Effective number of bins, and bins:           18          20

OBS :    1        7.247829      0.051940

OBS :    2        1.000000      0.000000
