 Effective number of bins, and bins:            6           6

OBS :    1      -13.879546      0.021223

OBS :    2        1.000000      0.000000
