 Effective number of bins, and bins:            6           6

OBS :    1      -21.188305      0.041284

OBS :    2        1.000000      0.000000
