 Effective number of bins, and bins:            6           6

OBS :    1        7.308759      0.033023

OBS :    2        1.000000      0.000000
