 Effective number of bins, and bins:          202         207

OBS :    1      -21.051302      0.004285

OBS :    2        1.000000      0.000000
