 Effective number of bins, and bins:          202         207

OBS :    1       16.000000      0.000000

OBS :    2        1.000000      0.000000
