 Effective number of bins, and bins:           35          36

OBS :    1        7.677527      0.055152

OBS :    2        1.000000      0.000000
