 Effective number of bins, and bins:          171         176

OBS :    1      -21.047759      0.003290

OBS :    2        1.000000      0.000000
