 Effective number of bins, and bins:           31          35
 
OBS :    1      -14.122934      0.023325
 
OBS :    2        1.000000      0.000000
