 Effective number of bins, and bins:           31          35
 
OBS :    1      -22.894700      0.002891
 
OBS :    2        1.000000      0.000000
