 Effective number of bins, and bins:           31          35
 
OBS :    1        8.771766      0.023584
 
OBS :    2        1.000000      0.000000
