 Effective number of bins, and bins:           24          28

OBS :    1      -22.857163      0.019050

OBS :    2        1.000000      0.000000
