 Effective number of bins, and bins:            7          11

OBS :    1        4.336347      0.031125

OBS :    2        1.000000      0.000000
