 Effective number of bins, and bins:            6          10

OBS :    1      -12.352083      0.042698

OBS :    2        1.000000      0.000000
