 Effective number of bins, and bins:            6          10

OBS :    1      -21.032895      0.010339

OBS :    2        1.000000      0.000000
