 Effective number of bins, and bins:            6          10

OBS :    1        8.680812      0.051348

OBS :    2        1.000000      0.000000
