 Effective number of bins, and bins:          420         425

OBS :    1      -21.230958      0.004910

OBS :    2        1.000000      0.000000
