 Effective number of bins, and bins:           12          14

OBS :    1      -29.668973      0.118121

OBS :    2        1.000000      0.000000
