 Effective number of bins, and bins:           55          57

OBS :    1      -29.706585      0.090144

OBS :    2        1.000000      0.000000
