 Effective number of bins, and bins:           18          20

OBS :    1      -29.468481      0.114969

OBS :    2        1.000000      0.000000
