 Effective number of bins, and bins:           35          37

OBS :    1      -29.716816      0.132796

OBS :    2        1.000000      0.000000
