 Effective number of bins, and bins:           32          34

OBS :    1      -29.512820      0.086796

OBS :    2        1.000000      0.000000
