 Effective number of bins, and bins:           12          14

OBS :    1      -20.951134      0.120609

OBS :    2        1.000000      0.000000
