 Effective number of bins, and bins:           55          57

OBS :    1      -20.914597      0.072668

OBS :    2        1.000000      0.000000
