 Effective number of bins, and bins:           18          20

OBS :    1      -21.182964      0.108190

OBS :    2        1.000000      0.000000
