 Effective number of bins, and bins:           35          37

OBS :    1      -20.952435      0.105869

OBS :    2        1.000000      0.000000
