 Effective number of bins, and bins:           55          57

OBS :    1       -8.791988      0.149241

OBS :    2        1.000000      0.000000
