 Effective number of bins, and bins:           32          34

OBS :    1       -8.340185      0.138650

OBS :    2        1.000000      0.000000
