 Effective number of bins, and bins:           18          20

OBS :    1       -8.285517      0.199039

OBS :    2        1.000000      0.000000
