 Effective number of bins, and bins:           35          37

OBS :    1       -8.764381      0.223166

OBS :    2        1.000000      0.000000
