 Effective number of bins, and bins:           12          14

OBS :    1       -8.717838      0.213633

OBS :    2        1.000000      0.000000
