 Effective number of bins, and bins:           32          34

OBS :    1        0.000000      0.000000

OBS :    2        1.000000      0.000000
