 Effective number of bins, and bins:           11          15

OBS :    1      -14.164400      0.090170

OBS :    2        1.000000      0.000000
