 Effective number of bins, and bins:           11          15

OBS :    1      -22.885948      0.012624

OBS :    2        1.000000      0.000000
