 Effective number of bins, and bins:           11          15

OBS :    1        8.721548      0.089470

OBS :    2        1.000000      0.000000
