 Effective number of bins, and bins:           19          20

OBS :    1        7.599002      0.015372

OBS :    2        1.000000      0.000000
