 Effective number of bins, and bins:            8           8

OBS :    1      -14.179895      0.017149

OBS :    2        1.000000      0.000000
