 Effective number of bins, and bins:            8           8

OBS :    1      -22.912213      0.005736

OBS :    2        1.000000      0.000000
