 Effective number of bins, and bins:            8           8

OBS :    1       18.000000      0.000000

OBS :    2        1.000000      0.000000
