 Effective number of bins, and bins:            8           8

OBS :    1        8.732318      0.017393

OBS :    2        1.000000      0.000000
